version https://git-lfs.github.com/spec/v1
oid sha256:394cf581b5793ebde7db4bd8aeb6c321d9fb8f868b0eb4ef718419211a4e32e3
size 546087
