{"columns":["total_quantity","avg_lead_time","families_active","gdp_growth_rate","inflation_rate","exchange_rate_brl_usd","temperature_avg_c","precipitation_mm","demand_multiplier"],"index":["total_quantity","avg_lead_time","families_active","gdp_growth_rate","inflation_rate","exchange_rate_brl_usd","temperature_avg_c","precipitation_mm","demand_multiplier"],"data":[[1.0,0.065,0.141,0.386,-0.421,0.115,-0.035,0.063,0.201],[0.065,1.0,0.269,0.222,-0.614,0.407,0.262,0.295,0.212],[0.141,0.269,1.0,-0.171,0.085,0.256,0.309,0.255,0.057],[0.386,0.222,-0.171,1.0,-0.708,0.187,-0.137,0.078,0.32],[-0.421,-0.614,0.085,-0.708,1.0,-0.194,0.12,-0.053,-0.233],[0.115,0.407,0.256,0.187,-0.194,1.0,0.94,0.965,0.823],[-0.035,0.262,0.309,-0.137,0.12,0.94,1.0,0.951,0.727],[0.063,0.295,0.255,0.078,-0.053,0.965,0.951,1.0,0.858],[0.201,0.212,0.057,0.32,-0.233,0.823,0.727,0.858,1.0]]}