version https://git-lfs.github.com/spec/v1
oid sha256:fc668d6b6389492b0e75e11c380d98766e81e44aff9b26b8364b08f0c8013720
size 2258
